 Generated by Multiwfn
GAUSSIAN             16 MOL ORBITALS    160 PRIMITIVES        8 NUCLEI
  C    1    (CENTRE  1)   0.00000000  0.00000000  0.27127625  CHARGE =  6.0
  O    2    (CENTRE  2)   0.00000000  0.00000000  2.57183145  CHARGE =  8.0
  N    3    (CENTRE  3)  -0.00000000  2.19124748 -1.13016901  CHARGE =  7.0
  H    4    (CENTRE  4)  -0.00000000  3.82399079 -0.16283653  CHARGE =  1.0
  H    5    (CENTRE  5)  -0.00000000  2.24084147 -3.02713496  CHARGE =  1.0
  N    6    (CENTRE  6)   0.00000000 -2.19124748 -1.13016901  CHARGE =  7.0
  H    7    (CENTRE  7)   0.00000000 -2.24084147 -3.02713496  CHARGE =  1.0
  H    8    (CENTRE  8)   0.00000000 -3.82399079 -0.16283653  CHARGE =  1.0
CENTRE ASSIGNMENTS    1  1  1  1  1  1  1  1  1  1  1  1  1  1  1  1  1  1  1  1
CENTRE ASSIGNMENTS    1  1  1  1  1  1  1  1  1  1  1  1  2  2  2  2  2  2  2  2
CENTRE ASSIGNMENTS    2  2  2  2  2  2  2  2  2  2  2  2  2  2  2  2  2  2  2  2
CENTRE ASSIGNMENTS    2  2  2  2  3  3  3  3  3  3  3  3  3  3  3  3  3  3  3  3
CENTRE ASSIGNMENTS    3  3  3  3  3  3  3  3  3  3  3  3  3  3  3  3  4  4  4  4
CENTRE ASSIGNMENTS    4  4  4  4  5  5  5  5  5  5  5  5  6  6  6  6  6  6  6  6
CENTRE ASSIGNMENTS    6  6  6  6  6  6  6  6  6  6  6  6  6  6  6  6  6  6  6  6
CENTRE ASSIGNMENTS    6  6  6  6  7  7  7  7  7  7  7  7  8  8  8  8  8  8  8  8
TYPE ASSIGNMENTS      1  1  1  1  1  1  1  1  1  2  2  2  3  3  3  4  4  4  1  2
TYPE ASSIGNMENTS      3  4  1  2  3  4  5  6  7  8  9 10  1  1  1  1  1  1  1  1
TYPE ASSIGNMENTS      1  2  2  2  3  3  3  4  4  4  1  2  3  4  1  2  3  4  5  6
TYPE ASSIGNMENTS      7  8  9 10  1  1  1  1  1  1  1  1  1  2  2  2  3  3  3  4
TYPE ASSIGNMENTS      4  4  1  2  3  4  1  2  3  4  5  6  7  8  9 10  1  1  1  1
TYPE ASSIGNMENTS      1  2  3  4  1  1  1  1  1  2  3  4  1  1  1  1  1  1  1  1
TYPE ASSIGNMENTS      1  2  2  2  3  3  3  4  4  4  1  2  3  4  1  2  3  4  5  6
TYPE ASSIGNMENTS      7  8  9 10  1  1  1  1  1  2  3  4  1  1  1  1  1  2  3  4
EXPONENTS  0.4563240D+04 0.6820240D+03 0.1549730D+03 0.4445530D+02 0.1302900D+02
EXPONENTS  0.1827730D+01 0.2096420D+02 0.4803310D+01 0.1459330D+01 0.2096420D+02
EXPONENTS  0.4803310D+01 0.1459330D+01 0.2096420D+02 0.4803310D+01 0.1459330D+01
EXPONENTS  0.2096420D+02 0.4803310D+01 0.1459330D+01 0.4834560D+00 0.4834560D+00
EXPONENTS  0.4834560D+00 0.4834560D+00 0.1455850D+00 0.1455850D+00 0.1455850D+00
EXPONENTS  0.1455850D+00 0.6260000D+00 0.6260000D+00 0.6260000D+00 0.6260000D+00
EXPONENTS  0.6260000D+00 0.6260000D+00 0.8588500D+04 0.1297230D+04 0.2992960D+03
EXPONENTS  0.8737710D+02 0.2567890D+02 0.3740040D+01 0.4211750D+02 0.9628370D+01
EXPONENTS  0.2853320D+01 0.4211750D+02 0.9628370D+01 0.2853320D+01 0.4211750D+02
EXPONENTS  0.9628370D+01 0.2853320D+01 0.4211750D+02 0.9628370D+01 0.2853320D+01
EXPONENTS  0.9056610D+00 0.9056610D+00 0.9056610D+00 0.9056610D+00 0.2556110D+00
EXPONENTS  0.2556110D+00 0.2556110D+00 0.2556110D+00 0.1292000D+01 0.1292000D+01
EXPONENTS  0.1292000D+01 0.1292000D+01 0.1292000D+01 0.1292000D+01 0.6293480D+04
EXPONENTS  0.9490440D+03 0.2187760D+03 0.6369160D+02 0.1882820D+02 0.2720230D+01
EXPONENTS  0.3063310D+02 0.7026140D+01 0.2112050D+01 0.3063310D+02 0.7026140D+01
EXPONENTS  0.2112050D+01 0.3063310D+02 0.7026140D+01 0.2112050D+01 0.3063310D+02
EXPONENTS  0.7026140D+01 0.2112050D+01 0.6840090D+00 0.6840090D+00 0.6840090D+00
EXPONENTS  0.6840090D+00 0.2008780D+00 0.2008780D+00 0.2008780D+00 0.2008780D+00
EXPONENTS  0.9130000D+00 0.9130000D+00 0.9130000D+00 0.9130000D+00 0.9130000D+00
EXPONENTS  0.9130000D+00 0.3386500D+02 0.5094790D+01 0.1158790D+01 0.3258400D+00
EXPONENTS  0.1027410D+00 0.7500000D+00 0.7500000D+00 0.7500000D+00 0.3386500D+02
EXPONENTS  0.5094790D+01 0.1158790D+01 0.3258400D+00 0.1027410D+00 0.7500000D+00
EXPONENTS  0.7500000D+00 0.7500000D+00 0.6293480D+04 0.9490440D+03 0.2187760D+03
EXPONENTS  0.6369160D+02 0.1882820D+02 0.2720230D+01 0.3063310D+02 0.7026140D+01
EXPONENTS  0.2112050D+01 0.3063310D+02 0.7026140D+01 0.2112050D+01 0.3063310D+02
EXPONENTS  0.7026140D+01 0.2112050D+01 0.3063310D+02 0.7026140D+01 0.2112050D+01
EXPONENTS  0.6840090D+00 0.6840090D+00 0.6840090D+00 0.6840090D+00 0.2008780D+00
EXPONENTS  0.2008780D+00 0.2008780D+00 0.2008780D+00 0.9130000D+00 0.9130000D+00
EXPONENTS  0.9130000D+00 0.9130000D+00 0.9130000D+00 0.9130000D+00 0.3386500D+02
EXPONENTS  0.5094790D+01 0.1158790D+01 0.3258400D+00 0.1027410D+00 0.7500000D+00
EXPONENTS  0.7500000D+00 0.7500000D+00 0.3386500D+02 0.5094790D+01 0.1158790D+01
EXPONENTS  0.3258400D+00 0.1027410D+00 0.7500000D+00 0.7500000D+00 0.7500000D+00
MO    1     MO 0.0        OCC NO =    2.0000000  ORB. ENERGY =  -19.059664
 -0.16532705D-04 -0.30777164D-04 -0.50628146D-04 -0.67985103D-04 -0.64010537D-04
 -0.52601720D-05  0.65202926D-04  0.17325638D-03 -0.23356171D-06  0.00000000D+00
  0.00000000D+00  0.00000000D+00  0.00000000D+00  0.00000000D+00  0.00000000D+00
  0.90662499D-03  0.84837761D-03  0.65710125D-03  0.22724542D-03  0.00000000D+00
  0.00000000D+00 -0.56183091D-03  0.22636282D-03  0.00000000D+00  0.00000000D+00
  0.10680569D-02  0.20681900D-03  0.65219115D-03 -0.85901014D-03  0.00000000D+00
  0.00000000D+00  0.00000000D+00  0.66431469D+00  0.12217773D+01  0.19997877D+01
  0.26949676D+01  0.26658970D+01  0.29672194D+00  0.63034271D+00  0.16849348D+01
 -0.24065888D-02  0.00000000D+00  0.00000000D+00  0.00000000D+00  0.00000000D+00
  0.00000000D+00  0.00000000D+00 -0.67929024D-02 -0.69745830D-02 -0.52709968D-02
  0.92211892D-02  0.00000000D+00  0.00000000D+00 -0.10724100D-02 -0.29068960D-02
  0.00000000D+00  0.00000000D+00  0.59426141D-03 -0.45132356D-03 -0.42298389D-03
  0.87430745D-03  0.00000000D+00  0.00000000D+00  0.00000000D+00 -0.42624786D-05
 -0.78344449D-05 -0.12804564D-04 -0.17187995D-04 -0.16676656D-04 -0.16619229D-05
  0.55181990D-04  0.15063016D-03 -0.17046104D-06  0.00000000D+00  0.00000000D+00
  0.00000000D+00 -0.25256818D-03 -0.24842109D-03 -0.19042464D-03  0.36312657D-03
  0.35716415D-03  0.27378051D-03 -0.22221847D-03  0.00000000D+00  0.30410731D-03
 -0.40471513D-03  0.63239684D-03  0.00000000D+00 -0.40853745D-03 -0.37377323D-03
 -0.67662022D-04 -0.19252983D-04  0.86915004D-04  0.00000000D+00  0.00000000D+00
  0.51700570D-03 -0.30314354D-04 -0.54682769D-04 -0.80616816D-04  0.29779303D-03
 -0.17124932D-04  0.00000000D+00  0.59514319D-05 -0.21929758D-04  0.13124451D-04
  0.23674638D-04  0.34902656D-04 -0.50431229D-03  0.47824907D-04  0.00000000D+00
  0.93143879D-04 -0.34314259D-03 -0.42624786D-05 -0.78344449D-05 -0.12804564D-04
 -0.17187995D-04 -0.16676656D-04 -0.16619229D-05  0.55181990D-04  0.15063016D-03
 -0.17046104D-06  0.00000000D+00  0.00000000D+00  0.00000000D+00  0.25256818D-03
  0.24842109D-03  0.19042464D-03  0.36312657D-03  0.35716415D-03  0.27378051D-03
 -0.22221847D-03  0.00000000D+00 -0.30410731D-03 -0.40471513D-03  0.63239684D-03
  0.00000000D+00  0.40853745D-03 -0.37377323D-03 -0.67662022D-04 -0.19252983D-04
  0.86915004D-04  0.00000000D+00  0.00000000D+00 -0.51700570D-03  0.13124451D-04
  0.23674638D-04  0.34902656D-04 -0.50431229D-03  0.47824907D-04  0.00000000D+00
 -0.93143879D-04 -0.34314259D-03 -0.30314354D-04 -0.54682769D-04 -0.80616816D-04
  0.29779303D-03 -0.17124932D-04  0.00000000D+00 -0.59514319D-05 -0.21929758D-04
MO    2     MO 0.0        OCC NO =    2.0000000  ORB. ENERGY =  -14.320771
  0.00000000D+00  0.00000000D+00  0.00000000D+00  0.00000000D+00  0.00000000D+00
  0.00000000D+00  0.00000000D+00  0.00000000D+00  0.00000000D+00  0.00000000D+00
  0.00000000D+00  0.00000000D+00  0.15694444D-02  0.14686132D-02  0.11374977D-02
  0.00000000D+00  0.00000000D+00  0.00000000D+00  0.00000000D+00  0.00000000D+00
 -0.92912295D-03  0.00000000D+00  0.00000000D+00  0.00000000D+00  0.95934005D-03
  0.00000000D+00  0.00000000D+00  0.00000000D+00  0.00000000D+00  0.00000000D+00
  0.00000000D+00  0.17715756D-02  0.00000000D+00  0.00000000D+00  0.00000000D+00
  0.00000000D+00  0.00000000D+00  0.00000000D+00  0.00000000D+00  0.00000000D+00
  0.00000000D+00  0.00000000D+00  0.00000000D+00  0.00000000D+00 -0.66168548D-04
 -0.67938268D-04 -0.51343915D-04  0.00000000D+00  0.00000000D+00  0.00000000D+00
  0.00000000D+00  0.00000000D+00  0.70396157D-04  0.00000000D+00  0.00000000D+00
  0.00000000D+00 -0.39419797D-03  0.00000000D+00  0.00000000D+00  0.00000000D+00
  0.00000000D+00  0.00000000D+00  0.00000000D+00  0.10047049D-02  0.39093612D+00
  0.71854143D+00  0.11743792D+01  0.15764086D+01  0.15295108D+01  0.15242439D+00
  0.34189223D+00  0.93326250D+00 -0.10561291D-02  0.00000000D+00  0.00000000D+00
  0.00000000D+00  0.31457428D-03  0.30940907D-03  0.23717435D-03 -0.46555510D-03
 -0.45791083D-03 -0.35100685D-03  0.62642449D-02  0.00000000D+00 -0.22789549D-03
  0.18903542D-03 -0.14936696D-02  0.00000000D+00  0.39452312D-03 -0.58166276D-03
 -0.10065890D-02  0.42156902D-03  0.58501998D-03  0.00000000D+00  0.00000000D+00
 -0.10923891D-03 -0.43260779D-05 -0.78036273D-05 -0.11504604D-04 -0.25003320D-03
 -0.22637964D-04  0.00000000D+00  0.93518293D-03  0.72217552D-03  0.16867760D-04
  0.30427032D-04  0.44857466D-04 -0.68143725D-03  0.41315183D-04  0.00000000D+00
 -0.17502348D-03 -0.13327426D-02 -0.39093612D+00 -0.71854143D+00 -0.11743792D+01
 -0.15764086D+01 -0.15295108D+01 -0.15242439D+00 -0.34189223D+00 -0.93326250D+00
  0.10561291D-02  0.00000000D+00  0.00000000D+00  0.00000000D+00  0.31457428D-03
  0.30940907D-03  0.23717435D-03  0.46555510D-03  0.45791083D-03  0.35100685D-03
 -0.62642449D-02  0.00000000D+00 -0.22789549D-03 -0.18903542D-03  0.14936696D-02
  0.00000000D+00  0.39452312D-03  0.58166276D-03  0.10065890D-02 -0.42156902D-03
 -0.58501998D-03  0.00000000D+00  0.00000000D+00 -0.10923891D-03 -0.16867760D-04
 -0.30427032D-04 -0.44857466D-04  0.68143725D-03 -0.41315183D-04  0.00000000D+00
 -0.17502348D-03  0.13327426D-02  0.43260779D-05  0.78036273D-05  0.11504604D-04
  0.25003320D-03  0.22637964D-04  0.00000000D+00  0.93518293D-03 -0.72217552D-03
MO    3     MO 0.0        OCC NO =    2.0000000  ORB. ENERGY =  -14.320747
 -0.37833596D-05 -0.70430751D-05 -0.11585792D-04 -0.15557775D-04 -0.14648231D-04
 -0.12037427D-05  0.10800032D-03  0.28697706D-03 -0.38686513D-06  0.00000000D+00
  0.00000000D+00  0.00000000D+00  0.00000000D+00  0.00000000D+00  0.00000000D+00
 -0.10927655D-02 -0.10225593D-02 -0.79201168D-03 -0.57246954D-04  0.00000000D+00
  0.00000000D+00  0.76473823D-03  0.73379738D-03  0.00000000D+00  0.00000000D+00
 -0.26105542D-03  0.17396229D-03 -0.55929164D-03  0.38532935D-03  0.00000000D+00
  0.00000000D+00  0.00000000D+00  0.87091637D-05  0.16017497D-04  0.26217212D-04
  0.35331018D-04  0.34949902D-04  0.38900238D-05  0.98943645D-04  0.26448087D-03
 -0.37775747D-06  0.00000000D+00  0.00000000D+00  0.00000000D+00  0.00000000D+00
  0.00000000D+00  0.00000000D+00 -0.56055647D-03 -0.57554891D-03 -0.43496744D-03
 -0.30271776D-03  0.00000000D+00  0.00000000D+00  0.72852891D-03 -0.39665656D-04
  0.00000000D+00  0.00000000D+00  0.44330926D-04  0.71123293D-04  0.44873740D-03
 -0.51986069D-03  0.00000000D+00  0.00000000D+00  0.00000000D+00  0.39093319D+00
  0.71853605D+00  0.11743704D+01  0.15763968D+01  0.15294993D+01  0.15242325D+00
  0.34200145D+00  0.93356063D+00 -0.10564665D-02  0.00000000D+00  0.00000000D+00
  0.00000000D+00 -0.29593819D-03 -0.29107898D-03 -0.22312360D-03 -0.17073808D-03
 -0.16793461D-03 -0.12872855D-03  0.58558007D-02  0.00000000D+00  0.47278199D-03
 -0.14648678D-03 -0.96089825D-03  0.00000000D+00  0.25137985D-03 -0.13740294D-03
 -0.10731256D-02  0.26588974D-03  0.80723591D-03  0.00000000D+00  0.00000000D+00
  0.44912003D-03 -0.33945288D-04 -0.61232457D-04 -0.90272781D-04 -0.39472717D-03
  0.82780449D-04  0.00000000D+00  0.10261095D-02  0.80512930D-03 -0.33337839D-04
 -0.60136706D-04 -0.88657355D-04 -0.42646871D-03  0.51677903D-04  0.00000000D+00
 -0.95852687D-04 -0.13372843D-02  0.39093319D+00  0.71853605D+00  0.11743704D+01
  0.15763968D+01  0.15294993D+01  0.15242325D+00  0.34200145D+00  0.93356063D+00
 -0.10564665D-02  0.00000000D+00  0.00000000D+00  0.00000000D+00  0.29593819D-03
  0.29107898D-03  0.22312360D-03 -0.17073808D-03 -0.16793461D-03 -0.12872855D-03
  0.58558007D-02  0.00000000D+00 -0.47278199D-03 -0.14648678D-03 -0.96089825D-03
  0.00000000D+00 -0.25137985D-03 -0.13740294D-03 -0.10731256D-02  0.26588974D-03
  0.80723591D-03  0.00000000D+00  0.00000000D+00 -0.44912003D-03 -0.33337839D-04
 -0.60136706D-04 -0.88657355D-04 -0.42646871D-03  0.51677903D-04  0.00000000D+00
  0.95852687D-04 -0.13372843D-02 -0.33945288D-04 -0.61232457D-04 -0.90272781D-04
 -0.39472717D-03  0.82780449D-04  0.00000000D+00 -0.10261095D-02  0.80512930D-03
MO    4     MO 0.0        OCC NO =    2.0000000  ORB. ENERGY =  -10.288291
  0.43815807D+00  0.81567192D+00  0.13417726D+01  0.18017755D+01  0.16964395D+01
  0.13940773D+00  0.37108989D+00  0.98605532D+00 -0.13292715D-02  0.00000000D+00
  0.00000000D+00  0.00000000D+00  0.00000000D+00  0.00000000D+00  0.00000000D+00
 -0.15257502D-02 -0.14277263D-02 -0.11058292D-02  0.66542712D-02  0.00000000D+00
  0.00000000D+00  0.11414446D-02  0.26477313D-03  0.00000000D+00  0.00000000D+00
  0.50784730D-03 -0.14632156D-02  0.94263746D-04  0.13689518D-02  0.00000000D+00
  0.00000000D+00  0.00000000D+00 -0.10800557D-03 -0.19863891D-03 -0.32512935D-03
 -0.43815304D-03 -0.43342668D-03 -0.48241626D-04 -0.97524085D-04 -0.26068632D-03
  0.37233773D-06  0.00000000D+00  0.00000000D+00  0.00000000D+00  0.00000000D+00
  0.00000000D+00  0.00000000D+00 -0.31640910D-02 -0.32487167D-02 -0.24551970D-02
  0.42904435D-03  0.00000000D+00  0.00000000D+00  0.23634725D-02 -0.19188192D-02
  0.00000000D+00  0.00000000D+00  0.82455342D-03  0.15145034D-02  0.13153078D-02
 -0.28298112D-02  0.00000000D+00  0.00000000D+00  0.00000000D+00 -0.45757102D-04
 -0.84101654D-04 -0.13745517D-03 -0.18451068D-03 -0.17902153D-03 -0.17840506D-04
 -0.58427485D-05 -0.15948938D-04  0.18048660D-07  0.00000000D+00  0.00000000D+00
  0.00000000D+00 -0.17056582D-02 -0.16776518D-02 -0.12859868D-02  0.99091768D-03
  0.97464712D-03  0.74710575D-03  0.13790288D-03  0.00000000D+00  0.10356266D-02
 -0.64576743D-03 -0.16955727D-03  0.00000000D+00 -0.17166772D-04 -0.38798426D-03
  0.71841426D-03 -0.91714843D-03  0.19873417D-03  0.00000000D+00  0.00000000D+00
  0.14021415D-02 -0.26197480D-04 -0.47256516D-04 -0.69668561D-04  0.22285757D-03
  0.21831534D-04  0.00000000D+00 -0.16896390D-03  0.21694622D-03 -0.64009636D-05
 -0.11546425D-04 -0.17022474D-04 -0.33307463D-03  0.33397525D-04  0.00000000D+00
 -0.20611311D-03 -0.26077480D-03 -0.45757102D-04 -0.84101654D-04 -0.13745517D-03
 -0.18451068D-03 -0.17902153D-03 -0.17840506D-04 -0.58427485D-05 -0.15948938D-04
  0.18048660D-07  0.00000000D+00  0.00000000D+00  0.00000000D+00  0.17056582D-02
  0.16776518D-02  0.12859868D-02  0.99091768D-03  0.97464712D-03  0.74710575D-03
  0.13790288D-03  0.00000000D+00 -0.10356266D-02 -0.64576743D-03 -0.16955727D-03
  0.00000000D+00  0.17166772D-04 -0.38798426D-03  0.71841426D-03 -0.91714843D-03
  0.19873417D-03  0.00000000D+00  0.00000000D+00 -0.14021415D-02 -0.64009636D-05
 -0.11546425D-04 -0.17022474D-04 -0.33307463D-03  0.33397525D-04  0.00000000D+00
  0.20611311D-03 -0.26077480D-03 -0.26197480D-04 -0.47256516D-04 -0.69668561D-04
  0.22285757D-03  0.21831534D-04  0.00000000D+00  0.16896390D-03  0.21694622D-03
MO    5     MO 0.0        OCC NO =    2.0000000  ORB. ENERGY =   -1.035755
 -0.60842445D-01 -0.11326386D+00 -0.18631798D+00 -0.25019378D+00 -0.23556688D+00
 -0.19358098D-01 -0.95580673D-01 -0.25397574D+00  0.34237704D-03  0.00000000D+00
  0.00000000D+00  0.00000000D+00  0.00000000D+00  0.00000000D+00  0.00000000D+00
  0.14853200D+00  0.13898936D+00  0.10765263D+00  0.13339756D+00  0.00000000D+00
  0.00000000D+00  0.38166714D-01  0.10114680D-01  0.00000000D+00  0.00000000D+00
 -0.25502679D-02 -0.14260057D-01 -0.30941202D-02  0.17354177D-01  0.00000000D+00
  0.00000000D+00  0.00000000D+00 -0.10619324D+00 -0.19530576D+00 -0.31967369D+00
 -0.43080085D+00 -0.42615379D+00 -0.47432133D-01 -0.18869469D+00 -0.50438950D+00
  0.72041846D-03  0.00000000D+00  0.00000000D+00  0.00000000D+00  0.00000000D+00
  0.00000000D+00  0.00000000D+00 -0.38094755D+00 -0.39113624D+00 -0.29559873D+00
  0.26487952D+00  0.00000000D+00  0.00000000D+00 -0.12486513D+00  0.71509997D-01
  0.00000000D+00  0.00000000D+00 -0.10405807D-01 -0.17709095D-01 -0.20669295D-01
  0.38378391D-01  0.00000000D+00  0.00000000D+00  0.00000000D+00 -0.34116260D-01
 -0.62705759D-01 -0.10248587D+00 -0.13757021D+00 -0.13347753D+00 -0.13301790D-01
 -0.55964132D-01 -0.15276517D+00  0.17287713D-03  0.00000000D+00  0.00000000D+00
  0.00000000D+00 -0.60519477D-01 -0.59525766D-01 -0.45628865D-01  0.52118568D-01
  0.51262797D-01  0.39294971D-01  0.79042189D-01  0.00000000D+00 -0.22244220D-01
  0.19092430D-01  0.16772234D-01  0.00000000D+00 -0.78481610D-03  0.27294031D-02
 -0.64735949D-02  0.32979094D-02  0.31756855D-02  0.00000000D+00  0.00000000D+00
 -0.99653380D-02  0.53018050D-02  0.95636998D-02  0.14099414D-01  0.46808672D-02
 -0.61380804D-04  0.00000000D+00 -0.52143175D-02 -0.19880459D-02  0.44308463D-02
  0.79926147D-02  0.11783221D-01  0.64607945D-02 -0.27263616D-03  0.00000000D+00
 -0.10332147D-02  0.52537178D-02 -0.34116260D-01 -0.62705759D-01 -0.10248587D+00
 -0.13757021D+00 -0.13347753D+00 -0.13301790D-01 -0.55964132D-01 -0.15276517D+00
  0.17287713D-03  0.00000000D+00  0.00000000D+00  0.00000000D+00  0.60519477D-01
  0.59525766D-01  0.45628865D-01  0.52118568D-01  0.51262797D-01  0.39294971D-01
  0.79042189D-01  0.00000000D+00  0.22244220D-01  0.19092430D-01  0.16772234D-01
  0.00000000D+00  0.78481610D-03  0.27294031D-02 -0.64735949D-02  0.32979094D-02
  0.31756855D-02  0.00000000D+00  0.00000000D+00  0.99653380D-02  0.44308463D-02
  0.79926147D-02  0.11783221D-01  0.64607945D-02 -0.27263616D-03  0.00000000D+00
  0.10332147D-02  0.52537178D-02  0.53018050D-02  0.95636998D-02  0.14099414D-01
  0.46808672D-02 -0.61380804D-04  0.00000000D+00  0.52143175D-02 -0.19880459D-02
MO    6     MO 0.0        OCC NO =    2.0000000  ORB. ENERGY =   -0.913616
  0.13698230D-01  0.25500526D-01  0.41948126D-01  0.56329292D-01  0.53036152D-01
  0.43583337D-02  0.22377295D-01  0.59460663D-01 -0.80157128D-04  0.00000000D+00
  0.00000000D+00  0.00000000D+00  0.00000000D+00  0.00000000D+00  0.00000000D+00
  0.28435045D+00  0.26608196D+00  0.20609077D+00 -0.32860015D-01  0.00000000D+00
  0.00000000D+00  0.86014905D-01 -0.80218647D-03  0.00000000D+00  0.00000000D+00
 -0.49285464D-03  0.30110727D-02 -0.13816049D-01  0.10804976D-01  0.00000000D+00
  0.00000000D+00  0.00000000D+00 -0.75525387D-01 -0.13890285D+00 -0.22735421D+00
 -0.30638864D+00 -0.30308362D+00 -0.33734072D-01 -0.13476819D+00 -0.36024151D+00
  0.51453220D-03  0.00000000D+00  0.00000000D+00  0.00000000D+00  0.00000000D+00
  0.00000000D+00  0.00000000D+00 -0.19651258D+00 -0.20176844D+00 -0.15248522D+00
  0.19135496D+00  0.00000000D+00  0.00000000D+00 -0.64238446D-01  0.55075142D-01
  0.00000000D+00  0.00000000D+00 -0.45445889D-02 -0.94274375D-02 -0.11576926D-01
  0.21004363D-01  0.00000000D+00  0.00000000D+00  0.00000000D+00  0.66705439D-01
  0.12260474D+00  0.20038436D+00  0.26898264D+00  0.26098046D+00  0.26008177D-01
  0.10978611D+00  0.29968290D+00 -0.33913700D-03  0.00000000D+00  0.00000000D+00
  0.00000000D+00  0.60979135D-01  0.59977877D-01  0.45975426D-01  0.17570168D-01
  0.17281671D-01  0.13247088D-01 -0.15478311D+00  0.00000000D+00  0.22438859D-01
  0.52811236D-02 -0.43509018D-01  0.00000000D+00  0.44429464D-02  0.21595276D-02
  0.11992357D-01 -0.10598203D-01 -0.13941539D-02  0.00000000D+00  0.00000000D+00
  0.18588699D-02 -0.10860965D-01 -0.19591632D-01 -0.28883230D-01 -0.13984897D-01
  0.39120939D-04  0.00000000D+00  0.86840211D-02  0.58521349D-02 -0.13953517D-01
 -0.25170155D-01 -0.37107443D-01 -0.13805367D-01 -0.32485251D-03  0.00000000D+00
  0.11817074D-02 -0.11300152D-01  0.66705439D-01  0.12260474D+00  0.20038436D+00
  0.26898264D+00  0.26098046D+00  0.26008177D-01  0.10978611D+00  0.29968290D+00
 -0.33913700D-03  0.00000000D+00  0.00000000D+00  0.00000000D+00 -0.60979135D-01
 -0.59977877D-01 -0.45975426D-01  0.17570168D-01  0.17281671D-01  0.13247088D-01
 -0.15478311D+00  0.00000000D+00 -0.22438859D-01  0.52811236D-02 -0.43509018D-01
  0.00000000D+00 -0.44429464D-02  0.21595276D-02  0.11992357D-01 -0.10598203D-01
 -0.13941539D-02  0.00000000D+00  0.00000000D+00 -0.18588699D-02 -0.13953517D-01
 -0.25170155D-01 -0.37107443D-01 -0.13805367D-01 -0.32485251D-03  0.00000000D+00
 -0.11817074D-02 -0.11300152D-01 -0.10860965D-01 -0.19591632D-01 -0.28883230D-01
 -0.13984897D-01  0.39120939D-04  0.00000000D+00 -0.86840211D-02  0.58521349D-02
MO    7     MO 0.0        OCC NO =    2.0000000  ORB. ENERGY =   -0.875938
  0.00000000D+00  0.00000000D+00  0.00000000D+00  0.00000000D+00  0.00000000D+00
  0.00000000D+00  0.00000000D+00  0.00000000D+00  0.00000000D+00  0.00000000D+00
  0.00000000D+00  0.00000000D+00  0.21672614D+00  0.20280227D+00  0.15707819D+00
  0.00000000D+00  0.00000000D+00  0.00000000D+00  0.00000000D+00  0.00000000D+00
  0.71207052D-01  0.00000000D+00  0.00000000D+00  0.00000000D+00 -0.11509102D-02
  0.00000000D+00  0.00000000D+00  0.00000000D+00  0.00000000D+00  0.00000000D+00
  0.00000000D+00 -0.25772208D-01  0.00000000D+00  0.00000000D+00  0.00000000D+00
  0.00000000D+00  0.00000000D+00  0.00000000D+00  0.00000000D+00  0.00000000D+00
  0.00000000D+00  0.00000000D+00  0.00000000D+00  0.00000000D+00  0.77532896D-01
  0.79606563D-01  0.60162155D-01  0.00000000D+00  0.00000000D+00  0.00000000D+00
  0.00000000D+00  0.00000000D+00  0.26064350D-01  0.00000000D+00  0.00000000D+00
  0.00000000D+00  0.39131749D-02  0.00000000D+00  0.00000000D+00  0.00000000D+00
  0.00000000D+00  0.00000000D+00  0.00000000D+00 -0.21891675D-01 -0.81199550D-01
 -0.14924495D+00 -0.24392493D+00 -0.32742861D+00 -0.31768768D+00 -0.31659371D-01
 -0.13380043D+00 -0.36523475D+00  0.41331893D-03  0.00000000D+00  0.00000000D+00
  0.00000000D+00  0.18618562D-01  0.18312851D-01  0.14037528D-01  0.24008075D-01
  0.23613870D-01  0.18100970D-01  0.18978039D+00  0.00000000D+00  0.54371142D-02
  0.74271514D-02  0.54096593D-01  0.00000000D+00 -0.52308442D-03  0.20992430D-02
 -0.12799694D-01  0.41899780D-02  0.86097157D-02  0.00000000D+00  0.00000000D+00
 -0.25404764D-02  0.17356851D-01  0.31309284D-01  0.46158136D-01  0.19088077D-01
  0.62576116D-03  0.00000000D+00 -0.12581032D-01 -0.75987968D-02  0.15848369D-01
  0.28588196D-01  0.42146537D-01  0.18871809D-01  0.51474883D-03  0.00000000D+00
  0.30327772D-03  0.13405975D-01  0.81199550D-01  0.14924495D+00  0.24392493D+00
  0.32742861D+00  0.31768768D+00  0.31659371D-01  0.13380043D+00  0.36523475D+00
 -0.41331893D-03  0.00000000D+00  0.00000000D+00  0.00000000D+00  0.18618562D-01
  0.18312851D-01  0.14037528D-01 -0.24008075D-01 -0.23613870D-01 -0.18100970D-01
 -0.18978039D+00  0.00000000D+00  0.54371142D-02 -0.74271514D-02 -0.54096593D-01
  0.00000000D+00 -0.52308442D-03 -0.20992430D-02  0.12799694D-01 -0.41899780D-02
 -0.86097157D-02  0.00000000D+00  0.00000000D+00 -0.25404764D-02 -0.15848369D-01
 -0.28588196D-01 -0.42146537D-01 -0.18871809D-01 -0.51474883D-03  0.00000000D+00
  0.30327772D-03 -0.13405975D-01 -0.17356851D-01 -0.31309284D-01 -0.46158136D-01
 -0.19088077D-01 -0.62576116D-03  0.00000000D+00 -0.12581032D-01  0.75987968D-02
MO    8     MO 0.0        OCC NO =    2.0000000  ORB. ENERGY =   -0.617032
 -0.52188081D-01 -0.97152957D-01 -0.15981570D+00 -0.21460566D+00 -0.20205932D+00
 -0.16604560D-01 -0.84487880D-01 -0.22450012D+00  0.30264184D-03  0.00000000D+00
  0.00000000D+00  0.00000000D+00  0.00000000D+00  0.00000000D+00  0.00000000D+00
 -0.22490017D+00 -0.21045115D+00 -0.16300255D+00  0.12915346D+00  0.00000000D+00
  0.00000000D+00 -0.69298709D-01  0.21883619D-01  0.00000000D+00  0.00000000D+00
 -0.50489512D-02 -0.61206715D-02  0.37417046D-02  0.23789669D-02  0.00000000D+00
  0.00000000D+00  0.00000000D+00  0.33456554D-01  0.61531769D-01  0.10071433D+00
  0.13572533D+00  0.13426126D+00  0.14943661D-01  0.60397038D-01  0.16144403D+00
 -0.23059018D-03  0.00000000D+00  0.00000000D+00  0.00000000D+00  0.00000000D+00
  0.00000000D+00  0.00000000D+00 -0.11710954D+00 -0.12024171D+00 -0.90871912D-01
 -0.88519949D-01  0.00000000D+00  0.00000000D+00 -0.32686764D-01 -0.32870252D-01
  0.00000000D+00  0.00000000D+00 -0.57362530D-02 -0.29109487D-03 -0.14294297D-02
  0.17205246D-02  0.00000000D+00  0.00000000D+00  0.00000000D+00  0.21800706D-01
  0.40069745D-01  0.65489720D-01  0.87909045D-01  0.85293770D-01  0.85000059D-02
  0.36214768D-01  0.98855375D-01 -0.11186996D-03  0.00000000D+00  0.00000000D+00
  0.00000000D+00 -0.50607955D+00 -0.49776988D+00 -0.38156040D+00  0.18506471D+00
  0.18202600D+00  0.13953016D+00 -0.52308158D-01  0.00000000D+00 -0.16673115D+00
  0.60337158D-01 -0.17656243D-01  0.00000000D+00 -0.20848757D-01  0.69032786D-02
  0.17535477D-02  0.93122341D-02 -0.11065782D-01  0.00000000D+00  0.00000000D+00
 -0.25734113D-01 -0.21496324D-01 -0.38776302D-01 -0.57166490D-01 -0.28225136D-01
 -0.32792305D-02  0.00000000D+00  0.64301849D-02  0.11143086D-01 -0.15442112D-01
 -0.27855366D-01 -0.41066152D-01 -0.22559122D-01 -0.26879765D-02  0.00000000D+00
 -0.68123813D-02 -0.83827429D-02  0.21800706D-01  0.40069745D-01  0.65489720D-01
  0.87909045D-01  0.85293770D-01  0.85000059D-02  0.36214768D-01  0.98855375D-01
 -0.11186996D-03  0.00000000D+00  0.00000000D+00  0.00000000D+00  0.50607955D+00
  0.49776988D+00  0.38156040D+00  0.18506471D+00  0.18202600D+00  0.13953016D+00
 -0.52308158D-01  0.00000000D+00  0.16673115D+00  0.60337158D-01 -0.17656243D-01
  0.00000000D+00  0.20848757D-01  0.69032786D-02  0.17535477D-02  0.93122341D-02
 -0.11065782D-01  0.00000000D+00  0.00000000D+00  0.25734113D-01 -0.15442112D-01
 -0.27855366D-01 -0.41066152D-01 -0.22559122D-01 -0.26879765D-02  0.00000000D+00
  0.68123813D-02 -0.83827429D-02 -0.21496324D-01 -0.38776302D-01 -0.57166490D-01
 -0.28225136D-01 -0.32792305D-02  0.00000000D+00 -0.64301849D-02  0.11143086D-01
MO    9     MO 0.0        OCC NO =    2.0000000  ORB. ENERGY =   -0.554651
  0.00000000D+00  0.00000000D+00  0.00000000D+00  0.00000000D+00  0.00000000D+00
  0.00000000D+00  0.00000000D+00  0.00000000D+00  0.00000000D+00  0.00000000D+00
  0.00000000D+00  0.00000000D+00  0.35953447D+00  0.33643568D+00  0.26058244D+00
  0.00000000D+00  0.00000000D+00  0.00000000D+00  0.00000000D+00  0.00000000D+00
  0.11524132D+00  0.00000000D+00  0.00000000D+00  0.00000000D+00  0.83870309D-02
  0.00000000D+00  0.00000000D+00  0.00000000D+00  0.00000000D+00  0.00000000D+00
  0.00000000D+00  0.23888862D-02  0.00000000D+00  0.00000000D+00  0.00000000D+00
  0.00000000D+00  0.00000000D+00  0.00000000D+00  0.00000000D+00  0.00000000D+00
  0.00000000D+00  0.00000000D+00  0.00000000D+00  0.00000000D+00  0.32375500D+00
  0.33241404D+00  0.25121980D+00  0.00000000D+00  0.00000000D+00  0.00000000D+00
  0.00000000D+00  0.00000000D+00  0.10496906D+00  0.00000000D+00  0.00000000D+00
  0.00000000D+00  0.14532938D-01  0.00000000D+00  0.00000000D+00  0.00000000D+00
  0.00000000D+00  0.00000000D+00  0.00000000D+00 -0.42748751D-01  0.52460210D-02
  0.96421980D-02  0.15759143D-01  0.21154026D-01  0.20524698D-01  0.20454021D-02
  0.85460996D-02  0.23328270D-01 -0.26399502D-04  0.00000000D+00  0.00000000D+00
  0.00000000D+00 -0.16966242D+00 -0.16687662D+00 -0.12791756D+00  0.56939993D+00
  0.56005056D+00  0.42930101D+00 -0.11339694D-01  0.00000000D+00 -0.57185380D-01
  0.18654306D+00 -0.61435684D-02  0.00000000D+00 -0.74660168D-02  0.23970926D-01
  0.12471338D-03  0.86295878D-02 -0.87543012D-02  0.00000000D+00  0.00000000D+00
 -0.16192881D-01  0.52923604D-02  0.95466632D-02  0.14074298D-01  0.83934647D-02
  0.83115003D-03  0.00000000D+00 -0.86934617D-02  0.68670749D-02 -0.29732028D-01
 -0.53632338D-01 -0.79068202D-01 -0.42713294D-01 -0.60445235D-02  0.00000000D+00
 -0.27287246D-02 -0.13710517D-01 -0.52460210D-02 -0.96421980D-02 -0.15759143D-01
 -0.21154026D-01 -0.20524698D-01 -0.20454021D-02 -0.85460996D-02 -0.23328270D-01
  0.26399502D-04  0.00000000D+00  0.00000000D+00  0.00000000D+00 -0.16966242D+00
 -0.16687662D+00 -0.12791756D+00 -0.56939993D+00 -0.56005056D+00 -0.42930101D+00
  0.11339694D-01  0.00000000D+00 -0.57185380D-01 -0.18654306D+00  0.61435684D-02
  0.00000000D+00 -0.74660168D-02 -0.23970926D-01 -0.12471338D-03 -0.86295878D-02
  0.87543012D-02  0.00000000D+00  0.00000000D+00 -0.16192881D-01  0.29732028D-01
  0.53632338D-01  0.79068202D-01  0.42713294D-01  0.60445235D-02  0.00000000D+00
 -0.27287246D-02  0.13710517D-01 -0.52923604D-02 -0.95466632D-02 -0.14074298D-01
 -0.83934647D-02 -0.83115003D-03  0.00000000D+00 -0.86934617D-02 -0.68670749D-02
MO   10     MO 0.0        OCC NO =    2.0000000  ORB. ENERGY =   -0.542788
 -0.13841893D-01 -0.25767968D-01 -0.42388066D-01 -0.56920058D-01 -0.53592380D-01
 -0.44040427D-02 -0.22608621D-01 -0.60075340D-01  0.80985755D-04  0.00000000D+00
  0.00000000D+00  0.00000000D+00  0.00000000D+00  0.00000000D+00  0.00000000D+00
  0.42775614D-01  0.40027436D-01  0.31002796D-01  0.36573633D-01  0.00000000D+00
  0.00000000D+00  0.12102198D-01  0.91876494D-02  0.00000000D+00  0.00000000D+00
 -0.40334684D-02 -0.59042512D-03  0.21508529D-01 -0.20918104D-01  0.00000000D+00
  0.00000000D+00  0.00000000D+00  0.34371194D-01  0.63213933D-01  0.10346767D+00
  0.13943580D+00  0.13793171D+00  0.15352193D-01  0.61746764D-01  0.16505191D+00
 -0.23574330D-03  0.00000000D+00  0.00000000D+00  0.00000000D+00  0.00000000D+00
  0.00000000D+00  0.00000000D+00 -0.20256063D+00 -0.20797825D+00 -0.15717824D+00
 -0.90776790D-01  0.00000000D+00  0.00000000D+00 -0.68127786D-01 -0.33470856D-01
  0.00000000D+00  0.00000000D+00 -0.10396802D-01 -0.86764422D-02 -0.40886775D-02
  0.12765120D-01  0.00000000D+00  0.00000000D+00  0.00000000D+00 -0.38519372D-02
 -0.70798690D-02 -0.11571290D-01 -0.15532530D-01 -0.15070441D-01 -0.15018545D-02
 -0.65473748D-02 -0.17872355D-01  0.20225301D-04  0.00000000D+00  0.00000000D+00
  0.00000000D+00  0.24079157D+00  0.23683784D+00  0.18154562D+00  0.54566521D+00
  0.53670555D+00  0.41140614D+00  0.11506193D-01  0.00000000D+00  0.77540998D-01
  0.17608498D+00  0.81665271D-03  0.00000000D+00  0.15455332D-01  0.24808848D-01
  0.10914310D-02  0.99235077D-02 -0.11014939D-01  0.00000000D+00  0.00000000D+00
  0.10150755D-01  0.24923333D-01  0.44958136D-01  0.66280143D-01  0.32060034D-01
  0.41430905D-02  0.00000000D+00 -0.12261074D-01 -0.75736888D-03 -0.27044434D-01
 -0.48784301D-01 -0.71920919D-01 -0.39983981D-01 -0.67230168D-02  0.00000000D+00
  0.67223965D-02 -0.11205652D-01 -0.38519372D-02 -0.70798690D-02 -0.11571290D-01
 -0.15532530D-01 -0.15070441D-01 -0.15018545D-02 -0.65473748D-02 -0.17872355D-01
  0.20225301D-04  0.00000000D+00  0.00000000D+00  0.00000000D+00 -0.24079157D+00
 -0.23683784D+00 -0.18154562D+00  0.54566521D+00  0.53670555D+00  0.41140614D+00
  0.11506193D-01  0.00000000D+00 -0.77540998D-01  0.17608498D+00  0.81665271D-03
  0.00000000D+00 -0.15455332D-01  0.24808848D-01  0.10914310D-02  0.99235077D-02
 -0.11014939D-01  0.00000000D+00  0.00000000D+00 -0.10150755D-01 -0.27044434D-01
 -0.48784301D-01 -0.71920919D-01 -0.39983981D-01 -0.67230168D-02  0.00000000D+00
 -0.67223965D-02 -0.11205652D-01  0.24923333D-01  0.44958136D-01  0.66280143D-01
  0.32060034D-01  0.41430905D-02  0.00000000D+00  0.12261074D-01 -0.75736888D-03
MO   11     MO 0.0        OCC NO =    2.0000000  ORB. ENERGY =   -0.473863
  0.00000000D+00  0.00000000D+00  0.00000000D+00  0.00000000D+00  0.00000000D+00
  0.00000000D+00  0.00000000D+00  0.00000000D+00  0.00000000D+00  0.00000000D+00
  0.00000000D+00  0.00000000D+00 -0.29746792D+00 -0.27835668D+00 -0.21559801D+00
  0.00000000D+00  0.00000000D+00  0.00000000D+00  0.00000000D+00  0.00000000D+00
 -0.93156924D-01  0.00000000D+00  0.00000000D+00  0.00000000D+00 -0.76507327D-02
  0.00000000D+00  0.00000000D+00  0.00000000D+00  0.00000000D+00  0.00000000D+00
  0.00000000D+00  0.31780193D-01  0.00000000D+00  0.00000000D+00  0.00000000D+00
  0.00000000D+00  0.00000000D+00  0.00000000D+00  0.00000000D+00  0.00000000D+00
  0.00000000D+00  0.00000000D+00  0.00000000D+00  0.00000000D+00 -0.18002347D+00
 -0.18483831D+00 -0.13969038D+00  0.00000000D+00  0.00000000D+00  0.00000000D+00
  0.00000000D+00  0.00000000D+00 -0.62837318D-01  0.00000000D+00  0.00000000D+00
  0.00000000D+00 -0.81197229D-02  0.00000000D+00  0.00000000D+00  0.00000000D+00
  0.00000000D+00  0.00000000D+00  0.00000000D+00  0.34842129D-01  0.68815057D-02
  0.12648222D-01  0.20672169D-01  0.27748945D-01  0.26923420D-01  0.26830708D-02
  0.11608379D-01  0.31687367D-01 -0.35859098D-04  0.00000000D+00  0.00000000D+00
  0.00000000D+00  0.61624084D+00  0.60612236D+00  0.46461688D+00  0.20088592D+00
  0.19758744D+00  0.15145862D+00 -0.18382730D-01  0.00000000D+00  0.20245037D+00
  0.66892689D-01 -0.71822345D-02  0.00000000D+00  0.29840590D-01  0.82590255D-02
 -0.87095629D-03  0.88181981D-02 -0.79472419D-02  0.00000000D+00  0.00000000D+00
  0.32184774D-01  0.32939360D-01  0.59417905D-01  0.87597654D-01  0.50309336D-01
  0.87000159D-02  0.00000000D+00 -0.83311169D-02 -0.98355757D-02 -0.12346292D-01
 -0.22270949D-01 -0.32833250D-01 -0.21134032D-01 -0.28128681D-02  0.00000000D+00
  0.10046681D-01 -0.58544244D-02 -0.68815057D-02 -0.12648222D-01 -0.20672169D-01
 -0.27748945D-01 -0.26923420D-01 -0.26830708D-02 -0.11608379D-01 -0.31687367D-01
  0.35859098D-04  0.00000000D+00  0.00000000D+00  0.00000000D+00  0.61624084D+00
  0.60612236D+00  0.46461688D+00 -0.20088592D+00 -0.19758744D+00 -0.15145862D+00
  0.18382730D-01  0.00000000D+00  0.20245037D+00 -0.66892689D-01  0.71822345D-02
  0.00000000D+00  0.29840590D-01 -0.82590255D-02  0.87095629D-03 -0.88181981D-02
  0.79472419D-02  0.00000000D+00  0.00000000D+00  0.32184774D-01  0.12346292D-01
  0.22270949D-01  0.32833250D-01  0.21134032D-01  0.28128681D-02  0.00000000D+00
  0.10046681D-01  0.58544244D-02 -0.32939360D-01 -0.59417905D-01 -0.87597654D-01
 -0.50309336D-01 -0.87000159D-02  0.00000000D+00 -0.83311169D-02  0.98355757D-02
MO   12     MO 0.0        OCC NO =    2.0000000  ORB. ENERGY =   -0.420630
  0.00000000D+00  0.00000000D+00  0.00000000D+00  0.00000000D+00  0.00000000D+00
  0.00000000D+00  0.00000000D+00  0.00000000D+00  0.00000000D+00  0.45411278D+00
  0.42493767D+00  0.32913065D+00  0.00000000D+00  0.00000000D+00  0.00000000D+00
  0.00000000D+00  0.00000000D+00  0.00000000D+00  0.00000000D+00  0.15414331D+00
  0.00000000D+00  0.00000000D+00  0.00000000D+00  0.22112598D-01  0.00000000D+00
  0.00000000D+00  0.00000000D+00  0.00000000D+00  0.00000000D+00  0.00000000D+00
  0.73035556D-02  0.00000000D+00  0.00000000D+00  0.00000000D+00  0.00000000D+00
  0.00000000D+00  0.00000000D+00  0.00000000D+00  0.00000000D+00  0.00000000D+00
  0.00000000D+00  0.74416831D+00  0.76407158D+00  0.57744224D+00  0.00000000D+00
  0.00000000D+00  0.00000000D+00  0.00000000D+00  0.00000000D+00  0.00000000D+00
  0.00000000D+00  0.24712188D+00  0.00000000D+00  0.00000000D+00  0.00000000D+00
  0.38975832D-01  0.00000000D+00  0.00000000D+00  0.00000000D+00  0.00000000D+00
  0.00000000D+00  0.00000000D+00 -0.83351420D-01  0.00000000D+00  0.00000000D+00
  0.00000000D+00  0.00000000D+00  0.00000000D+00  0.00000000D+00  0.00000000D+00
  0.00000000D+00  0.00000000D+00  0.00000000D+00  0.44432438D+00  0.43702871D+00
  0.33499987D+00  0.00000000D+00  0.00000000D+00  0.00000000D+00  0.00000000D+00
  0.00000000D+00  0.00000000D+00  0.00000000D+00  0.14910324D+00  0.00000000D+00
  0.00000000D+00  0.00000000D+00  0.28449469D-01  0.00000000D+00  0.00000000D+00
  0.00000000D+00  0.00000000D+00  0.00000000D+00 -0.27388629D-01  0.15580946D-01
  0.00000000D+00  0.00000000D+00  0.00000000D+00  0.00000000D+00  0.00000000D+00
  0.00000000D+00  0.88595526D-02  0.00000000D+00  0.00000000D+00  0.00000000D+00
  0.00000000D+00  0.00000000D+00  0.00000000D+00  0.00000000D+00  0.93527479D-02
  0.00000000D+00  0.00000000D+00  0.00000000D+00  0.00000000D+00  0.00000000D+00
  0.00000000D+00  0.00000000D+00  0.00000000D+00  0.00000000D+00  0.00000000D+00
  0.00000000D+00  0.44432438D+00  0.43702871D+00  0.33499987D+00  0.00000000D+00
  0.00000000D+00  0.00000000D+00  0.00000000D+00  0.00000000D+00  0.00000000D+00
  0.00000000D+00  0.14910324D+00  0.00000000D+00  0.00000000D+00  0.00000000D+00
  0.28449469D-01  0.00000000D+00  0.00000000D+00  0.00000000D+00  0.00000000D+00
  0.00000000D+00  0.27388629D-01  0.15580946D-01  0.00000000D+00  0.00000000D+00
  0.00000000D+00  0.00000000D+00  0.00000000D+00  0.00000000D+00  0.93527479D-02
  0.00000000D+00  0.00000000D+00  0.00000000D+00  0.00000000D+00  0.00000000D+00
  0.00000000D+00  0.00000000D+00  0.88595526D-02  0.00000000D+00  0.00000000D+00
MO   13     MO 0.0        OCC NO =    2.0000000  ORB. ENERGY =   -0.405387
  0.24242601D-01  0.45129853D-01  0.74238183D-01  0.99689421D-01  0.93861347D-01
  0.77132118D-02  0.39539188D-01  0.10506303D+00 -0.14163230D-03  0.00000000D+00
  0.00000000D+00  0.00000000D+00  0.00000000D+00  0.00000000D+00  0.00000000D+00
 -0.39720986D+00 -0.37169057D+00 -0.28788871D+00 -0.65700402D-01  0.00000000D+00
  0.00000000D+00 -0.12361883D+00 -0.11717291D-01  0.00000000D+00  0.00000000D+00
  0.11563498D-01  0.90636714D-03  0.12285417D-01 -0.13191784D-01  0.00000000D+00
  0.00000000D+00  0.00000000D+00 -0.59286547D-01 -0.10903712D+00 -0.17847040D+00
 -0.24051150D+00 -0.23791710D+00 -0.26480853D-01 -0.10730417D+00 -0.28682894D+00
  0.40967718D-03  0.00000000D+00  0.00000000D+00  0.00000000D+00  0.00000000D+00
  0.00000000D+00  0.00000000D+00  0.13348534D+01  0.13705549D+01  0.10357882D+01
  0.16132334D+00  0.00000000D+00  0.00000000D+00  0.41115748D+00  0.67873120D-01
  0.00000000D+00  0.00000000D+00  0.72362026D-01  0.29877565D-01  0.29396882D-01
 -0.59274447D-01  0.00000000D+00  0.00000000D+00  0.00000000D+00 -0.61273912D-02
 -0.11262158D-01 -0.18406795D-01 -0.24708058D-01 -0.23972999D-01 -0.23890447D-02
 -0.10244535D-01 -0.27964486D-01  0.31646090D-04  0.00000000D+00  0.00000000D+00
  0.00000000D+00 -0.83582467D-01 -0.82210069D-01 -0.63017285D-01  0.19039022D+00
  0.18726408D+00  0.14354536D+00  0.14029644D-01  0.00000000D+00 -0.26173636D-01
  0.60050639D-01  0.17978413D-01  0.00000000D+00 -0.14157344D-01  0.90145855D-03
 -0.71605459D-03  0.11158326D-01 -0.10442272D-01  0.00000000D+00  0.00000000D+00
  0.51066015D-02  0.43315346D-02  0.78134704D-02  0.11519115D-01  0.14319134D-01
  0.41955913D-02  0.00000000D+00 -0.52046718D-02  0.16657054D-02 -0.10630058D-01
 -0.19175109D-01 -0.28269164D-01 -0.27980594D-01 -0.44328506D-02  0.00000000D+00
 -0.26409158D-04 -0.60890647D-02 -0.61273912D-02 -0.11262158D-01 -0.18406795D-01
 -0.24708058D-01 -0.23972999D-01 -0.23890447D-02 -0.10244535D-01 -0.27964486D-01
  0.31646090D-04  0.00000000D+00  0.00000000D+00  0.00000000D+00  0.83582467D-01
  0.82210069D-01  0.63017285D-01  0.19039022D+00  0.18726408D+00  0.14354536D+00
  0.14029644D-01  0.00000000D+00  0.26173636D-01  0.60050639D-01  0.17978413D-01
  0.00000000D+00  0.14157344D-01  0.90145855D-03 -0.71605459D-03  0.11158326D-01
 -0.10442272D-01  0.00000000D+00  0.00000000D+00 -0.51066015D-02 -0.10630058D-01
 -0.19175109D-01 -0.28269164D-01 -0.27980594D-01 -0.44328506D-02  0.00000000D+00
  0.26409158D-04 -0.60890647D-02  0.43315346D-02  0.78134704D-02  0.11519115D-01
  0.14319134D-01  0.41955913D-02  0.00000000D+00  0.52046718D-02  0.16657054D-02
MO   14     MO 0.0        OCC NO =    2.0000000  ORB. ENERGY =   -0.269123
  0.00000000D+00  0.00000000D+00  0.00000000D+00  0.00000000D+00  0.00000000D+00
  0.00000000D+00  0.00000000D+00  0.00000000D+00  0.00000000D+00  0.00000000D+00
  0.00000000D+00  0.00000000D+00  0.00000000D+00  0.00000000D+00  0.00000000D+00
  0.00000000D+00  0.00000000D+00  0.00000000D+00  0.00000000D+00  0.00000000D+00
  0.00000000D+00  0.00000000D+00  0.00000000D+00  0.00000000D+00  0.00000000D+00
  0.00000000D+00  0.00000000D+00  0.00000000D+00  0.00000000D+00  0.49899696D-01
  0.00000000D+00  0.00000000D+00  0.00000000D+00  0.00000000D+00  0.00000000D+00
  0.00000000D+00  0.00000000D+00  0.00000000D+00  0.00000000D+00  0.00000000D+00
  0.00000000D+00  0.00000000D+00  0.00000000D+00  0.00000000D+00  0.00000000D+00
  0.00000000D+00  0.00000000D+00  0.00000000D+00  0.00000000D+00  0.00000000D+00
  0.00000000D+00  0.00000000D+00  0.00000000D+00  0.00000000D+00  0.00000000D+00
  0.00000000D+00  0.00000000D+00  0.00000000D+00  0.00000000D+00  0.00000000D+00
  0.00000000D+00  0.66063403D-02  0.00000000D+00  0.00000000D+00  0.00000000D+00
  0.00000000D+00  0.00000000D+00  0.00000000D+00  0.00000000D+00  0.00000000D+00
  0.00000000D+00  0.00000000D+00  0.00000000D+00  0.81244444D+00  0.79910436D+00
  0.61254525D+00  0.00000000D+00  0.00000000D+00  0.00000000D+00  0.00000000D+00
  0.00000000D+00  0.00000000D+00  0.00000000D+00  0.26255834D+00  0.00000000D+00
  0.00000000D+00  0.00000000D+00  0.67857995D-01  0.00000000D+00  0.00000000D+00
  0.00000000D+00  0.00000000D+00  0.00000000D+00 -0.20053206D-02  0.31348047D-02
  0.00000000D+00  0.00000000D+00  0.00000000D+00  0.00000000D+00  0.00000000D+00
  0.00000000D+00  0.18991759D-01  0.00000000D+00  0.00000000D+00  0.00000000D+00
  0.00000000D+00  0.00000000D+00  0.00000000D+00  0.00000000D+00  0.18542856D-01
  0.00000000D+00  0.00000000D+00  0.00000000D+00  0.00000000D+00  0.00000000D+00
  0.00000000D+00  0.00000000D+00  0.00000000D+00  0.00000000D+00  0.00000000D+00
  0.00000000D+00 -0.81244444D+00 -0.79910436D+00 -0.61254525D+00  0.00000000D+00
  0.00000000D+00  0.00000000D+00  0.00000000D+00  0.00000000D+00  0.00000000D+00
  0.00000000D+00 -0.26255834D+00  0.00000000D+00  0.00000000D+00  0.00000000D+00
 -0.67857995D-01  0.00000000D+00  0.00000000D+00  0.00000000D+00  0.00000000D+00
  0.00000000D+00 -0.20053206D-02 -0.31348047D-02  0.00000000D+00  0.00000000D+00
  0.00000000D+00  0.00000000D+00  0.00000000D+00  0.00000000D+00 -0.18542856D-01
  0.00000000D+00  0.00000000D+00  0.00000000D+00  0.00000000D+00  0.00000000D+00
  0.00000000D+00  0.00000000D+00 -0.18991759D-01  0.00000000D+00  0.00000000D+00
MO   15     MO 0.0        OCC NO =    2.0000000  ORB. ENERGY =   -0.260562
  0.00000000D+00  0.00000000D+00  0.00000000D+00  0.00000000D+00  0.00000000D+00
  0.00000000D+00  0.00000000D+00  0.00000000D+00  0.00000000D+00  0.81982308D-01
  0.76715241D-01  0.59418919D-01  0.00000000D+00  0.00000000D+00  0.00000000D+00
  0.00000000D+00  0.00000000D+00  0.00000000D+00  0.00000000D+00  0.26528475D-01
  0.00000000D+00  0.00000000D+00  0.00000000D+00  0.98095403D-02  0.00000000D+00
  0.00000000D+00  0.00000000D+00  0.00000000D+00  0.00000000D+00  0.00000000D+00
  0.70890174D-01  0.00000000D+00  0.00000000D+00  0.00000000D+00  0.00000000D+00
  0.00000000D+00  0.00000000D+00  0.00000000D+00  0.00000000D+00  0.00000000D+00
  0.00000000D+00  0.12685722D+01  0.13025009D+01  0.98435682D+00  0.00000000D+00
  0.00000000D+00  0.00000000D+00  0.00000000D+00  0.00000000D+00  0.00000000D+00
  0.00000000D+00  0.40698283D+00  0.00000000D+00  0.00000000D+00  0.00000000D+00
  0.85020917D-01  0.00000000D+00  0.00000000D+00  0.00000000D+00  0.00000000D+00
  0.00000000D+00  0.00000000D+00 -0.68475206D-01  0.00000000D+00  0.00000000D+00
  0.00000000D+00  0.00000000D+00  0.00000000D+00  0.00000000D+00  0.00000000D+00
  0.00000000D+00  0.00000000D+00  0.00000000D+00 -0.53941730D+00 -0.53056024D+00
 -0.40669551D+00  0.00000000D+00  0.00000000D+00  0.00000000D+00  0.00000000D+00
  0.00000000D+00  0.00000000D+00  0.00000000D+00 -0.17018519D+00  0.00000000D+00
  0.00000000D+00  0.00000000D+00 -0.49112358D-01  0.00000000D+00  0.00000000D+00
  0.00000000D+00  0.00000000D+00  0.00000000D+00  0.17246742D-02  0.67366275D-02
  0.00000000D+00  0.00000000D+00  0.00000000D+00  0.00000000D+00  0.00000000D+00
  0.00000000D+00 -0.94904696D-02  0.00000000D+00  0.00000000D+00  0.00000000D+00
  0.00000000D+00  0.00000000D+00  0.00000000D+00  0.00000000D+00 -0.13978088D-01
  0.00000000D+00  0.00000000D+00  0.00000000D+00  0.00000000D+00  0.00000000D+00
  0.00000000D+00  0.00000000D+00  0.00000000D+00  0.00000000D+00  0.00000000D+00
  0.00000000D+00 -0.53941730D+00 -0.53056024D+00 -0.40669551D+00  0.00000000D+00
  0.00000000D+00  0.00000000D+00  0.00000000D+00  0.00000000D+00  0.00000000D+00
  0.00000000D+00 -0.17018519D+00  0.00000000D+00  0.00000000D+00  0.00000000D+00
 -0.49112358D-01  0.00000000D+00  0.00000000D+00  0.00000000D+00  0.00000000D+00
  0.00000000D+00 -0.17246742D-02  0.67366275D-02  0.00000000D+00  0.00000000D+00
  0.00000000D+00  0.00000000D+00  0.00000000D+00  0.00000000D+00 -0.13978088D-01
  0.00000000D+00  0.00000000D+00  0.00000000D+00  0.00000000D+00  0.00000000D+00
  0.00000000D+00  0.00000000D+00 -0.94904696D-02  0.00000000D+00  0.00000000D+00
MO   16     MO 0.0        OCC NO =    2.0000000  ORB. ENERGY =   -0.257049
  0.00000000D+00  0.00000000D+00  0.00000000D+00  0.00000000D+00  0.00000000D+00
  0.00000000D+00  0.00000000D+00  0.00000000D+00  0.00000000D+00  0.00000000D+00
  0.00000000D+00  0.00000000D+00  0.43638608D-02  0.40834985D-02  0.31628275D-02
  0.00000000D+00  0.00000000D+00  0.00000000D+00  0.00000000D+00  0.00000000D+00
 -0.20833602D-02  0.00000000D+00  0.00000000D+00  0.00000000D+00  0.22207974D-01
  0.00000000D+00  0.00000000D+00  0.00000000D+00  0.00000000D+00  0.00000000D+00
  0.00000000D+00  0.92416800D-01  0.00000000D+00  0.00000000D+00  0.00000000D+00
  0.00000000D+00  0.00000000D+00  0.00000000D+00  0.00000000D+00  0.00000000D+00
  0.00000000D+00  0.00000000D+00  0.00000000D+00  0.00000000D+00  0.15877207D+01
  0.16301853D+01  0.12320022D+01  0.00000000D+00  0.00000000D+00  0.00000000D+00
  0.00000000D+00  0.00000000D+00  0.50980307D+00  0.00000000D+00  0.00000000D+00
  0.00000000D+00  0.10227450D+00  0.00000000D+00  0.00000000D+00  0.00000000D+00
  0.00000000D+00  0.00000000D+00  0.00000000D+00 -0.73849904D-01  0.18573091D-01
  0.34137382D-01  0.55793906D-01  0.74894029D-01  0.72665948D-01  0.72415721D-02
  0.30916357D-01  0.84392315D-01 -0.95502800D-04  0.00000000D+00  0.00000000D+00
  0.00000000D+00  0.19293350D+00  0.18976559D+00  0.14546287D+00 -0.19274463D+00
 -0.18957983D+00 -0.14532047D+00 -0.43368510D-01  0.00000000D+00  0.53592800D-01
 -0.59642496D-01 -0.55576309D-01  0.00000000D+00  0.14650188D-01 -0.15690997D-01
 -0.24149409D-02 -0.78936972D-04  0.24938779D-02  0.00000000D+00  0.00000000D+00
 -0.10401117D-01  0.18104914D-03  0.32658682D-03  0.48147506D-03  0.58406335D-02
  0.61335575D-02  0.00000000D+00 -0.33220859D-02 -0.11434603D-02  0.89833820D-02
  0.16204740D-01  0.23890057D-01  0.22947218D-01  0.48528208D-02  0.00000000D+00
  0.50077984D-02  0.49417550D-02 -0.18573091D-01 -0.34137382D-01 -0.55793906D-01
 -0.74894029D-01 -0.72665948D-01 -0.72415721D-02 -0.30916357D-01 -0.84392315D-01
  0.95502800D-04  0.00000000D+00  0.00000000D+00  0.00000000D+00  0.19293350D+00
  0.18976559D+00  0.14546287D+00  0.19274463D+00  0.18957983D+00  0.14532047D+00
  0.43368510D-01  0.00000000D+00  0.53592800D-01  0.59642496D-01  0.55576309D-01
  0.00000000D+00  0.14650188D-01  0.15690997D-01  0.24149409D-02  0.78936972D-04
 -0.24938779D-02  0.00000000D+00  0.00000000D+00 -0.10401117D-01 -0.89833820D-02
 -0.16204740D-01 -0.23890057D-01 -0.22947218D-01 -0.48528208D-02  0.00000000D+00
  0.50077984D-02 -0.49417550D-02 -0.18104914D-03 -0.32658682D-03 -0.48147506D-03
 -0.58406335D-02 -0.61335575D-02  0.00000000D+00 -0.33220859D-02  0.11434603D-02
END DATA
 THE  HF ENERGY =   -225.336415166488 THE VIRIAL(-V/T)=   2.00305710

$MOSPIN
 0 0 0 0 0 0 0 0 0 0 0 0 0 0 0 0 0 0 0 0 0 0 0 0 0 0 0 0 0 0
 0 0 0 0 0 0 0 0 0 0 0 0 0 0 0 0 0 0 0 0 0 0 0 0 0 0 0 0 0 0
 0 0 0 0 0 0 0 0 0 0 0 0 0 0 0 0 0 0 0 0 0 0 0 0 0 0 0 0 0 0
 0 0 0 0 0 0
$END
